50000000
50198193.43822175
50397172.489222586
50596940.26706846
50797499.89816908
50998854.52132682
51201007.28778587
51403961.36128154
51607719.91808974
51812286.14707676
52017663.24974913
52223854.44030371
52430862.94567804
52638692.00560079
52847344.8726425
53056824.81226649
53267135.102879934
53478279.03588518
53690259.91573126
53903081.05996562
54116745.79928602
54331257.477592684
54546619.45204059
54762835.093092054
54979907.784569465
55197840.92370824
55416637.921209976
55636302.20129587
55856837.201760255
56078246.37402444
56300533.18319073
56523701.10809662
56747753.64136926
56972694.289480135
57198526.57279991
57425254.02565354
57652880.19637558
57881408.647365704
58110842.955144495
58341186.71040938
58572443.518090844
58804616.99740884
59037710.78192943
59271728.51962167
59506673.87291467
59742550.51875494
59979362.14866391
60217112.46879573
60455805.199995264
60695444.077856295
60936032.85278002
61177575.29003374
61420075.16980978
61663536.28728464
61907962.45267841
62153357.491314396
62399725.24367898
62647069.56548173
62895394.32771573
63144703.416718185
63395000.734231226
63646290.197462976
63898575.73914886
64151861.30761316
64406150.86683077
64661448.39648929
64917757.892051265
65175083.36481672
65433428.84198596
65692798.36672259
65953195.99821677
66214625.811748765
66477091.898752704
66740598.36688065
67005149.34006683
67270748.95859222
67537401.37914933
67805110.77490725
68073881.33557695
68343717.26747689
68614622.79359882
68886602.15367386
69159659.60423887
69433799.41870306
69709025.88741492
69985343.31772923
70262756.03407463
70541268.37802123
70820884.7083485
71101609.40111357
71383446.8497197
71666401.46498501
71950477.67521153
72235679.92625448
72522012.6815919
72809480.42239442
73098087.6475955
73387838.87396173
73678738.63616362
73970791.48684649
74264001.99670173
74558374.75453839
74853914.36735494
75150625.46041138
75448512.67730166
75747580.6800263
76047834.14906538
76349277.78345178
76651916.30084477
76955754.43760377
77260796.94886252
77567048.60860346
77874514.20973252
78183198.56415401
78493106.50284608
78804242.87593618
79116612.55277705
79430220.42202292
79745071.39170597
80061170.3893132
80378522.36186351
80697132.27598515
81017005.11799341
81338145.8939687
81660559.62983486
81984251.37143785
82309226.18462467
82635489.15532272
82963045.3896193
83291900.01384161
83622058.17463692
83953525.03905313
84286305.79461963
84620405.64942855
84955829.83221614
85292583.59244472
85630672.20038478
85970100.94719747
86310875.14501739
86653000.12703577
86996481.2475839
87341323.88221695
87687533.42779806
88035115.30258286
88384074.9463042
88734417.82025735
89086149.4073854
89439275.21236512
89793800.76169312
90149731.6037723
90507073.30899869
90865831.46984866
91226011.7009664
91587619.63925184
91950660.94394884
92315141.2967337
92681066.40180424
93048441.98596887
93417273.79873641
93787567.61240588
94159329.22215703
94532564.44614089
94907279.12557088
95283479.12481424
95661170.3314838
96040358.65653007
96421050.03433383
96803250.42279895
97186965.80344565
97572202.18150415
97958965.58600855
98347262.06989129
98737097.71007784
99128478.60758178
99521410.88760035
99915900.6996102
100311954.21746378
100709577.63948582
101108777.18857042
101509559.11227842
101911929.68293515
102315895.19772863
102721461.97880812
103128636.37338302
103537424.75382224
103947833.51775394
104359869.08816566
104773537.91350476
105188846.46777944
105605801.25066003
106024408.78758065
106444675.62984143
106866608.35471098
107290213.56552933
107715497.8918113
108142467.98935021
108571130.54032211
109001492.25339028
109433559.8638103
109867340.13353539
110302839.85132226
110740065.83283739
111179024.92076364
111619723.9849074
112062169.92230603
112506369.65733588
112952330.14182056
113400058.35513988
113849561.30433892
114300846.02423781
114753919.57754178
115208789.0549517
115665461.575275
116123944.28553718
116584244.36109361
117046369.0057418
117510325.45183419
117976120.96039131
118443762.82121542
118913258.35300457
119384614.90346724
119857839.8494372
120332940.59698904
120809924.58155404
121288799.26803662
121769572.15093102
122252250.75443871
122736842.6325861
123223355.36934279
123711796.57874021
124202173.90499082
124694495.02260774
125188767.63652486
125684999.48221739
126183198.32582298
126683371.96426322
127185528.22536565
127689674.96798635
128195820.0821328
128703971.4890875
129214137.14153184
129726325.02367058
130240543.15135686
130756799.57221758
131275102.36577938
131795459.6435951
132317879.54937069
132842370.25909272
133368939.98115624
133897596.95649336
134428349.45870212
134961205.79417604
135496174.30223405
136033263.35525113
136572481.35878918
137113836.75172868
137657338.0064007
138202993.62871957
138750812.15831584
139300802.16867018
139852972.26724732
140407331.09563085
140963887.3296585
141522649.6795579
142083626.89008278
142646827.74065
143212261.0454769
143779935.6537192
144349860.44960943
144922044.35259616
145496496.31748348
146073225.3345711
146652240.42979506
147233550.66486913
147817165.13742647
148403092.98116204
148991343.36597562
149581925.49811524
150174848.62032127
150770122.01197112
151367754.9892244
151967756.90516883
152570137.14996648
153174905.1510008
153782070.37302414
154391642.3183059
155003630.52678126
155618044.5762004
156234894.08227846
156854188.698846
157475938.11800018
158100152.07025623
158726840.32469994
159356012.68914047
159987679.01026386
160621849.17378712
161258533.10461286
161897740.76698485
162539482.1646437
163183767.34098357
163830606.3792093
164480009.4024943
165131986.57413882
165786548.09772915
166443704.21729723
167103465.21748105
167765841.42368546
168430843.20224395
169098480.96058077
169768765.1473738
170441706.25271818
171117314.80829033
171795601.38751292
172476576.6057202
173160251.12032428
173846635.63098186
174535740.87976164
175227577.65131244
175922156.77303207
176619489.11523673
177319585.5913311
178022457.15797913
178728114.8152756
179436569.60691822
180147832.62038046
180861914.98708504
181578827.88257825
182298582.5267047
183021190.18378308
183746662.1627823
184475009.81749856
185206244.546733
185940377.7944701
186677421.05005684
187417385.84838244
188160283.77005893
188906126.4416023
189654925.53561458
190406692.77096644
191161439.91298065
191919178.77361614
192679921.2116529
193443679.1328776
194210464.4902698
194980289.2841892
195753165.5625633
196529105.421076
197308121.00335696
198090224.50117153
198875428.15461165
199663744.25228733
200455185.1315191
201249763.178531
202047490.8286443
202848380.56647244
203652444.9261161
204459696.49135956
205270147.89586753
206083811.8233829
206900701.00792533
207720828.23399034
208544206.3367496
209370848.20225173
210200766.7676239
211033975.0212744
211870486.00309578
212710312.8046691
213553468.56946874
214399966.493068
215249819.8233458
216103041.86069384
216959645.95822483
217819645.52198154
218683054.0111464
219549884.93825245
220420151.86939448
221293868.42444158
222171048.27725023
223051705.1558782
223935852.84279954
224823505.17512023
225714676.0447947
226609379.39884326
227507629.23957032
228409439.6247837
229314824.66801447
230223798.53873792
231136375.4625952
232052569.7216161
232972395.6544425
233895867.65655273
234823000.18048698
235753807.73607332
236688304.89065495
237626506.26931807
238568426.55512086
239514080.4893231
240463482.8716171
241416648.56035918
242373592.47280216
243334329.585329
244298874.933687
245267243.61322325
246239450.77912077
247215511.64663577
248195441.49133566
249179255.64933833
250166969.5175519
251158598.5539159
252154158.27764302
253153664.2694622
254157132.17186219
255164577.6893366
256176016.58862963
257191464.6989827
258210937.91238227
259234452.18380862
260262023.53148544
261293668.03713053
262329401.8462076
263369241.1681787
264413202.2767582
265461301.51016727
266513555.2713897
267569980.02842847
268630592.3145637
269695408.72861105
270764445.935182
271837720.664944
272915249.71488297
273997049.9485658
275083138.29640424
276173531.7559201
277268247.3920111
278367302.3372179
279470713.7919925
280578499.0249669
281690675.373224
282807260.24256855
283928271.10779953
285053725.5129838
286183641.07173055
287318035.46746707
288456926.4537154
289600331.8543702
290748269.5639777
291900757.5480159
293057813.8431754
294219456.557642
295385703.8713799
296556574.03641635
297732085.3771271
298912256.2905236
300097105.2465404
